"","Q96NG5","Q6ZN19","Q9UI25","Q86XN6","A8MUZ8","Q08ER8","Q9GZX5","Q9GZP7","Q3MJ13","Q9NY84","B1APH4","Q9HBT8","Q76KX8","Q96E35","P38606","Q9BZH6","Q6ZS52","A8MVM7","Q9BRH9","Q7Z3T8","Q96DA0","Q9UI54","Q8IYP9","Q68DK2","Q9UFB7","O15062","Q9C0B5","Q96M85","Q32M78","Q5VIY5","Q9NTW7","Q3ZCX4","Q99536","Q5BKZ1","Q9H0M5","Q02386","P17031","P17038"
"Q96NG5",1,0.266246773395619,0.0357866518860087,0.310622703824065,0.333417746154935,0.355275799121585,0.340674552333514,0.0140476693167347,0.0129845334222059,0.0196624186502131,0.224990248715492,0.396512965063226,0.325835065253038,0.0211315480396558,0.0128239859084778,0.0123910301582258,0.0276307083689486,0.0203960258766329,0.344590586547166,0.0174210491613859,0.0202536877469201,0.0319165870182139,0.0150137746326633,0.0111903745269866,0.163434278285352,0.0568326424944005,0.0140647902254292,0.0187455708696386,0.36182946265809,0.35599349649948,0.19012607843825,0.361623210809109,0.0132121853598745,0.02048676452711,0.291904901708856,0.306846814305838,0.367411321396728,0.297346682510606
"Q6ZN19",0.266246773395619,1,0.0241544641031349,0.465679423410823,0.164657474417121,0.324181196777262,0.218463891767239,0.00962574214606884,0.0097377848975537,0.0154520232891849,0.134912682810313,0.275156419668838,0.435188400523675,0.0162121560562063,0.0127585885052925,0.00892097814529162,0.0187640647739892,0.0132000804215701,0.338606142612623,0.00990341979880699,0.0130049393510903,0.023150829706101,0.01110607939773,0.00786929560010715,0.113288178142929,0.0385093261551309,0.0116261587888982,0.0154953596908206,0.334448659316335,0.340984629134269,0.18101773785157,0.372390618952958,0.0121768548063502,0.0124190771077199,0.363202325920185,0.390810001077465,0.314969387322728,0.440379725752361
"Q9UI25",0.0357866518860087,0.0241544641031349,1,0.0221574694613034,0.0403231634214188,0.0311637101018263,0.0304015194113263,0.0464646689739715,0.0199201743437549,0.0324562342986438,0.0352415213514965,0.0305512288188977,0.0319632121773497,0.0338413483154006,0.0278678728941329,0.0319090612108487,0.0416823934444955,0.0341748914416642,0.0309228683939102,0.0167203686333492,0.0425920567424561,0.0552951531043593,0.0341947691917549,0.0195568566373425,0.0323909649525247,0.0279513192087023,0.0283132629457029,0.0459906939490196,0.0268062213793829,0.0292253190233777,0.0242199589584392,0.0209913088577614,0.0324595204121252,0.0273173981863259,0.025167820661004,0.0272764337848594,0.0328450087997415,0.023285249670257
"Q86XN6",0.310622703824065,0.465679423410823,0.0221574694613034,1,0.198123186559014,0.352763614274602,0.24285934076296,0.0128521808077114,0.0107192444709357,0.014241372608752,0.164211423186928,0.316577042909709,0.484999742777269,0.0205530385873217,0.0113372343085643,0.0104222894785089,0.0126396362199326,0.017035208590265,0.365013149592964,0.0158156647614978,0.0142039229004061,0.0221923139550419,0.0125220219238963,0.00850702841137051,0.126976917252785,0.0406424866240382,0.0109416395420217,0.0181030736362231,0.393945941001164,0.584876065647504,0.194998570678467,0.417206368954966,0.0131580722491771,0.0188600750669435,0.392322721083913,0.424108416635646,0.365287564249129,0.461091878692921
"A8MUZ8",0.333417746154935,0.164657474417121,0.0403231634214188,0.198123186559014,1,0.240598184423567,0.250312184976213,0.0189385760187698,0.0136551555725885,0.019991447736379,0.224214986093381,0.262946947953374,0.216671321546272,0.0196831801217265,0.0221773402464283,0.0148925705035539,0.0245516331730526,0.0211802819161352,0.225491543087939,0.0138929802021471,0.0198387085191903,0.0334451324255918,0.0222484217880601,0.0100141978290536,0.118420293033001,0.0609365303172896,0.0151629418662532,0.0250593941338615,0.232756307640989,0.238563106117021,0.113607941614211,0.25421293857613,0.0208772931560177,0.0263054400725985,0.208370465802506,0.214522365253532,0.229471561803559,0.197964176780967
"Q08ER8",0.355275799121585,0.324181196777262,0.0311637101018263,0.352763614274602,0.240598184423567,1,0.298696991741891,0.0122980171860427,0.0121066811931251,0.0160846931324456,0.209157552807823,0.376844772440017,0.390982988430874,0.0158048030519477,0.0140388441453107,0.0120982703516535,0.017844546615052,0.016233874039986,0.391537493266029,0.0121037230151663,0.0191982773615662,0.0323753125835096,0.0135845312762873,0.00922985595541201,0.136296205496377,0.0547305166293843,0.0133521725087662,0.0167545498318169,0.389793124971195,0.362566151270847,0.19059908754955,0.421976540824788,0.0113871353694757,0.0195783213242044,0.342899532040211,0.370375899530308,0.396270060049051,0.349717070682881
"Q9GZX5",0.340674552333514,0.218463891767239,0.0304015194113263,0.24285934076296,0.250312184976213,0.298696991741891,1,0.0123315859742766,0.0106629485187648,0.0238242548191777,0.212493499431351,0.322284590222269,0.269817089825516,0.0235851118314314,0.0130784377764636,0.0104094823189192,0.0172340300704219,0.0243564608380889,0.290605113684066,0.0172830367934241,0.0152395442840835,0.0325004289621192,0.0135790544394056,0.0125836204246118,0.133630206006331,0.0483110918833203,0.0124990427185441,0.0176745173997929,0.276456776103955,0.27726122320004,0.134779626852392,0.350307814320849,0.0165688084722535,0.0144544878716202,0.226472935000996,0.274970519049414,0.349448015430014,0.243731556032459
"Q9GZP7",0.0140476693167347,0.00962574214606884,0.0464646689739715,0.0128521808077114,0.0189385760187698,0.0122980171860427,0.0123315859742766,1,0.0151881594742938,0.018979330479541,0.0157525010594239,0.0121749027260799,0.0145951541724735,0.0190468435927327,0.0170276204196442,0.0140591138622589,0.0264981148433593,0.0155911778892659,0.0139686225379402,0.0112928211915471,0.0251801205880417,0.0444414440624281,0.0183121537147907,0.0114690078913832,0.0149219021137098,0.0134996219393221,0.0166223591212523,0.0215249184693085,0.0116395148593014,0.0163510218836095,0.0136582674852095,0.0114956554648472,0.0184791025636436,0.0139548813807716,0.0136115628550117,0.013336881370453,0.0121115671992304,0.0107992475170178
"Q3MJ13",0.0129845334222059,0.0097377848975537,0.0199201743437549,0.0107192444709357,0.0136551555725885,0.0121066811931251,0.0106629485187648,0.0151881594742938,1,0.01518952963744,0.0110552046762213,0.012193451297071,0.0102013006551802,0.0167437029944788,0.0120871298470543,0.0153547164481635,0.0177003252577103,0.0175521371004031,0.0112740002853056,0.0127951808202239,0.0138687503187212,0.0247835045295778,0.0110751285832577,0.0098600946459465,0.00762879657540479,0.0118596063358227,0.0177636438446848,0.0162590150139826,0.0123087976371094,0.0115789423900127,0.0108327227926477,0.00960317759394667,0.012649740385795,0.0128615060052147,0.00852290538213246,0.00957750592395781,0.0102319496302036,0.00961395579132721
"Q9NY84",0.0196624186502131,0.0154520232891849,0.0324562342986438,0.014241372608752,0.019991447736379,0.0160846931324456,0.0238242548191777,0.018979330479541,0.01518952963744,1,0.0163800632611707,0.0153910125702074,0.0142705901972598,0.0284141662736722,0.0172896539785971,0.0140066357781782,0.0453303964664868,0.0199904928330071,0.01741666149552,0.0137107187774551,0.0263299044034547,0.0460372496692754,0.0172404487320874,0.00972229113405484,0.0153363061014226,0.0173679586750578,0.0148578920672631,0.0275822179915567,0.015259167458853,0.0140219518508531,0.0179787956644158,0.016201775781882,0.0187460990126874,0.0135746459270378,0.0124777207116583,0.0124536633482482,0.0186238412294972,0.0134834229027036
"B1APH4",0.224990248715492,0.134912682810313,0.0352415213514965,0.164211423186928,0.224214986093381,0.209157552807823,0.212493499431351,0.0157525010594239,0.0110552046762213,0.0163800632611707,1,0.217162455511564,0.172876056662998,0.0190073908000786,0.0149326713500101,0.0114396376915661,0.0211569742225309,0.0168282557500686,0.189791550314217,0.0132045843409615,0.0208553637249998,0.0243585664845193,0.014974086681199,0.0127930043942492,0.0970280850524477,0.048555954693446,0.0129207623320058,0.0255000440842769,0.183394343381665,0.189241240885301,0.0915450576175543,0.230845080126303,0.0157554193192044,0.0217361115663486,0.145127568319598,0.166874098082571,0.210006603065942,0.145967349568397
"Q9HBT8",0.396512965063226,0.275156419668838,0.0305512288188977,0.316577042909709,0.262946947953374,0.376844772440017,0.322284590222269,0.0121749027260799,0.012193451297071,0.0153910125702074,0.217162455511564,1,0.341237884595451,0.0183751298811916,0.0124773809872745,0.0142219087917254,0.0237333038743906,0.0217207805174121,0.355812401860759,0.0142103008422231,0.0178670216420012,0.028155581251121,0.0146492999154971,0.0106875608569452,0.146684094272319,0.0547366123333819,0.0131733049296964,0.0226612928934039,0.342631911344056,0.367780093486718,0.17769026490047,0.38379167242119,0.013944710002368,0.0255043699090619,0.281035818402813,0.332838599245751,0.367193717469795,0.308180349764966
"Q76KX8",0.325835065253038,0.435188400523675,0.0319632121773497,0.484999742777269,0.216671321546272,0.390982988430874,0.269817089825516,0.0145951541724735,0.0102013006551802,0.0142705901972598,0.172876056662998,0.341237884595451,1,0.0148594176498882,0.0110234174391436,0.0119894391884888,0.0173363896019184,0.0233182020862808,0.378263714056675,0.0137657935383199,0.0143410218106265,0.0255292658263309,0.01224707955751,0.00661501361410989,0.124541039186051,0.0421889919182719,0.0109509207149951,0.0149513869022438,0.39980569983135,0.414043739110548,0.188578806088808,0.433791643598337,0.0114318290772986,0.0147257743096881,0.372658864514857,0.418210944154619,0.381129660699634,0.42575316891693
"Q96E35",0.0211315480396558,0.0162121560562063,0.0338413483154006,0.0205530385873217,0.0196831801217265,0.0158048030519477,0.0235851118314314,0.0190468435927327,0.0167437029944788,0.0284141662736722,0.0190073908000786,0.0183751298811916,0.0148594176498882,1,0.0155801419853343,0.0136703864816594,0.0276133364631177,0.0215462080916297,0.0154695795860029,0.0130376976450082,0.0282730784662419,0.0357241029668351,0.0269774915933211,0.0112141470405988,0.0156031480072259,0.0179737059575442,0.0171216479198885,0.0370050078102489,0.0185345516591367,0.0300427727422308,0.0260512115386243,0.0229116736298716,0.0179195495688323,0.019899850007899,0.0155760238377513,0.0211683798790332,0.0210821238386543,0.0142779452488367
"P38606",0.0128239859084778,0.0127585885052925,0.0278678728941329,0.0113372343085643,0.0221773402464283,0.0140388441453107,0.0130784377764636,0.0170276204196442,0.0120871298470543,0.0172896539785971,0.0149326713500101,0.0124773809872745,0.0110234174391436,0.0155801419853343,1,0.0124219259606644,0.0196715341745603,0.0114717661960844,0.0130318306670888,0.0109259845970935,0.0313109230363043,0.0308191659674781,0.0134446887918926,0.00839135699787854,0.0150389941214087,0.0169174794889691,0.0153214741832565,0.0213837111288009,0.0133601347324854,0.0108657558607101,0.013437695104294,0.0135677495902468,0.0149261111551993,0.01593808161051,0.00931940129938954,0.0114992793995718,0.0102435557795085,0.0107560174446814
"Q9BZH6",0.0123910301582258,0.00892097814529162,0.0319090612108487,0.0104222894785089,0.0148925705035539,0.0120982703516535,0.0104094823189192,0.0140591138622589,0.0153547164481635,0.0140066357781782,0.0114396376915661,0.0142219087917254,0.0119894391884888,0.0136703864816594,0.0124219259606644,1,0.0136840670987477,0.0178304914695174,0.00941384752706181,0.0145260853053836,0.0160708660271968,0.021022834000837,0.0151175423785495,0.00783210566615835,0.0104282454680522,0.010471351924647,0.0124584744296354,0.0151075285956026,0.0149973563887971,0.0122128114535438,0.0114979156272789,0.0140096864092269,0.0152628666692585,0.0119358199132916,0.00997301956778286,0.0114754421707917,0.00976426278271002,0.00824779766323319
"Q6ZS52",0.0276307083689486,0.0187640647739892,0.0416823934444955,0.0126396362199326,0.0245516331730526,0.017844546615052,0.0172340300704219,0.0264981148433593,0.0177003252577103,0.0453303964664868,0.0211569742225309,0.0237333038743906,0.0173363896019184,0.0276133364631177,0.0196715341745603,0.0136840670987477,1,0.0253589800693305,0.0251228980278226,0.0166590970699998,0.0345659994739741,0.043023574109031,0.0208080588877652,0.0123182240704179,0.0244287212423544,0.0268413571653662,0.0234065972217048,0.0445662049907187,0.0160258348461543,0.0177733110538208,0.0184215663574764,0.0250063316753042,0.0302891700599087,0.0276530388062865,0.0158523867109795,0.0152407955107144,0.0162996334580365,0.0141608714356311
"A8MVM7",0.0203960258766329,0.0132000804215701,0.0341748914416642,0.017035208590265,0.0211802819161352,0.016233874039986,0.0243564608380889,0.0155911778892659,0.0175521371004031,0.0199904928330071,0.0168282557500686,0.0217207805174121,0.0233182020862808,0.0215462080916297,0.0114717661960844,0.0178304914695174,0.0253589800693305,1,0.0139813772239902,0.0150973579902914,0.0161662821589565,0.0320991131464888,0.017343179335515,0.0122264889713598,0.0122108529037002,0.0160456884820865,0.01408325829451,0.0236504332717949,0.0186580604075632,0.0206925576400893,0.0184754255537297,0.0127837289975334,0.0114813454902031,0.0223618121292242,0.0140209311137886,0.0155457641321221,0.017268123309041,0.020576522415354
"Q9BRH9",0.344590586547166,0.338606142612623,0.0309228683939102,0.365013149592964,0.225491543087939,0.391537493266029,0.290605113684066,0.0139686225379402,0.0112740002853056,0.01741666149552,0.189791550314217,0.355812401860759,0.378263714056675,0.0154695795860029,0.0130318306670888,0.00941384752706181,0.0251228980278226,0.0139813772239902,1,0.0131556132344093,0.0187208742555516,0.026763413357226,0.0135999710621183,0.00832949253066778,0.134687919459266,0.0488742508310278,0.0157737663713922,0.0185975315366248,0.368164169396302,0.345964910626795,0.177978679890449,0.423456280095588,0.0148379174984095,0.016055160655144,0.326095205055848,0.365746230721125,0.375049989343316,0.36508275421585
"Q7Z3T8",0.0174210491613859,0.00990341979880699,0.0167203686333492,0.0158156647614978,0.0138929802021471,0.0121037230151663,0.0172830367934241,0.0112928211915471,0.0127951808202239,0.0137107187774551,0.0132045843409615,0.0142103008422231,0.0137657935383199,0.0130376976450082,0.0109259845970935,0.0145260853053836,0.0166590970699998,0.0150973579902914,0.0131556132344093,1,0.0128685890537849,0.0208445204725916,0.0131793023535097,0.0160254018649306,0.0147135963101488,0.0225445464850757,0.0113402780937049,0.0148096129782293,0.0152156557561942,0.0143748203158691,0.0195550958963052,0.013206927507223,0.011432158516278,0.0195634348017703,0.0129203030395996,0.012823514965897,0.0151228920836176,0.00995924056101305
"Q96DA0",0.0202536877469201,0.0130049393510903,0.0425920567424561,0.0142039229004061,0.0198387085191903,0.0191982773615662,0.0152395442840835,0.0251801205880417,0.0138687503187212,0.0263299044034547,0.0208553637249998,0.0178670216420012,0.0143410218106265,0.0282730784662419,0.0313109230363043,0.0160708660271968,0.0345659994739741,0.0161662821589565,0.0187208742555516,0.0128685890537849,1,0.03804447713129,0.0248560762004033,0.00944903891626107,0.0142428114731261,0.0199067911022758,0.0216833710638629,0.0315268640824869,0.0156895128494362,0.0168390155846589,0.0162896475832871,0.0152499043198588,0.0234358419504147,0.02418106888282,0.0158868375385015,0.013722021880307,0.0155219991554408,0.0154289431038532
"Q9UI54",0.0319165870182139,0.023150829706101,0.0552951531043593,0.0221923139550419,0.0334451324255918,0.0323753125835096,0.0325004289621192,0.0444414440624281,0.0247835045295778,0.0460372496692754,0.0243585664845193,0.028155581251121,0.0255292658263309,0.0357241029668351,0.0308191659674781,0.021022834000837,0.043023574109031,0.0320991131464888,0.026763413357226,0.0208445204725916,0.03804447713129,1,0.0442256084237342,0.0143317990385789,0.0249806206345086,0.0314181945760881,0.022994547451541,0.0312992303173756,0.0256254101293013,0.0312058742881376,0.0313333105678747,0.0257376519542136,0.0305789966446654,0.0323682796098351,0.0208748774512991,0.0228670856022296,0.0275177240953899,0.0230873086795465
"Q8IYP9",0.0150137746326633,0.01110607939773,0.0341947691917549,0.0125220219238963,0.0222484217880601,0.0135845312762873,0.0135790544394056,0.0183121537147907,0.0110751285832577,0.0172404487320874,0.014974086681199,0.0146492999154971,0.01224707955751,0.0269774915933211,0.0134446887918926,0.0151175423785495,0.0208080588877652,0.017343179335515,0.0135999710621183,0.0131793023535097,0.0248560762004033,0.0442256084237342,1,0.00975049887614336,0.0156210355297158,0.0207676278631918,0.0617205500827284,0.0261423400887626,0.0155782768841624,0.0135038236420238,0.0162090148617708,0.0147472864882099,0.0158722947389653,0.0134575475765352,0.0119026437279154,0.0117902058987475,0.0145135530428399,0.0134489509231755
"Q68DK2",0.0111903745269866,0.00786929560010715,0.0195568566373425,0.00850702841137051,0.0100141978290536,0.00922985595541201,0.0125836204246118,0.0114690078913832,0.0098600946459465,0.00972229113405484,0.0127930043942492,0.0106875608569452,0.00661501361410989,0.0112141470405988,0.00839135699787854,0.00783210566615835,0.0123182240704179,0.0122264889713598,0.00832949253066778,0.0160254018649306,0.00944903891626107,0.0143317990385789,0.00975049887614336,1,0.00969680161967669,0.0143165033354388,0.0141765259249946,0.0133206171114381,0.012229895395643,0.0125139045395538,0.00959176878750235,0.011698536708801,0.0113647586930563,0.0128962998648767,0.00746014401640163,0.00697848205594669,0.00853176917463648,0.00797635478525144
"Q9UFB7",0.163434278285352,0.113288178142929,0.0323909649525247,0.126976917252785,0.118420293033001,0.136296205496377,0.133630206006331,0.0149219021137098,0.00762879657540479,0.0153363061014226,0.0970280850524477,0.146684094272319,0.124541039186051,0.0156031480072259,0.0150389941214087,0.0104282454680522,0.0244287212423544,0.0122108529037002,0.134687919459266,0.0147135963101488,0.0142428114731261,0.0249806206345086,0.0156210355297158,0.00969680161967669,1,0.0768900680511054,0.0207703669571318,0.0271701284051889,0.128646317360105,0.155524953953437,0.0879396675069445,0.133706354896904,0.0191628557665105,0.035909075931715,0.125578094356577,0.13731905591611,0.132544028117785,0.124379789408131
"O15062",0.0568326424944005,0.0385093261551309,0.0279513192087023,0.0406424866240382,0.0609365303172896,0.0547305166293843,0.0483110918833203,0.0134996219393221,0.0118596063358227,0.0173679586750578,0.048555954693446,0.0547366123333819,0.0421889919182719,0.0179737059575442,0.0169174794889691,0.010471351924647,0.0268413571653662,0.0160456884820865,0.0488742508310278,0.0225445464850757,0.0199067911022758,0.0314181945760881,0.0207676278631918,0.0143165033354388,0.0768900680511054,1,0.0289474712095686,0.022321995977714,0.048133106620769,0.0522825652580329,0.0338887755924922,0.0484861224195105,0.0155456118219962,0.0196075081432001,0.0406477150041784,0.0470187854636717,0.0441928178980432,0.0406553452944257
"Q9C0B5",0.0140647902254292,0.0116261587888982,0.0283132629457029,0.0109416395420217,0.0151629418662532,0.0133521725087662,0.0124990427185441,0.0166223591212523,0.0177636438446848,0.0148578920672631,0.0129207623320058,0.0131733049296964,0.0109509207149951,0.0171216479198885,0.0153214741832565,0.0124584744296354,0.0234065972217048,0.01408325829451,0.0157737663713922,0.0113402780937049,0.0216833710638629,0.022994547451541,0.0617205500827284,0.0141765259249946,0.0207703669571318,0.0289474712095686,1,0.0183583891166852,0.0118910909773134,0.0137940412495035,0.0136097951646297,0.0104331185036063,0.0207952928344494,0.0240665598417774,0.0103473007818599,0.0169404416948648,0.0116772051649331,0.010628070791151
"Q96M85",0.0187455708696386,0.0154953596908206,0.0459906939490196,0.0181030736362231,0.0250593941338615,0.0167545498318169,0.0176745173997929,0.0215249184693085,0.0162590150139826,0.0275822179915567,0.0255000440842769,0.0226612928934039,0.0149513869022438,0.0370050078102489,0.0213837111288009,0.0151075285956026,0.0445662049907187,0.0236504332717949,0.0185975315366248,0.0148096129782293,0.0315268640824869,0.0312992303173756,0.0261423400887626,0.0133206171114381,0.0271701284051889,0.022321995977714,0.0183583891166852,1,0.0248656898446229,0.021516178942166,0.0206126736994503,0.0172901104751936,0.0281980108590023,0.0199496715795092,0.020938616580114,0.0171982709755991,0.0215493152784756,0.0140041395760709
"Q32M78",0.36182946265809,0.334448659316335,0.0268062213793829,0.393945941001164,0.232756307640989,0.389793124971195,0.276456776103955,0.0116395148593014,0.0123087976371094,0.015259167458853,0.183394343381665,0.342631911344056,0.39980569983135,0.0185345516591367,0.0133601347324854,0.0149973563887971,0.0160258348461543,0.0186580604075632,0.368164169396302,0.0152156557561942,0.0156895128494362,0.0256254101293013,0.0155782768841624,0.012229895395643,0.128646317360105,0.048133106620769,0.0118910909773134,0.0248656898446229,1,0.338285586769761,0.190882768767534,0.434094093741627,0.0118855918890044,0.0189895359599297,0.423644704134071,0.403687079320555,0.404980132933739,0.391207430694538
"Q5VIY5",0.35599349649948,0.340984629134269,0.0292253190233777,0.584876065647504,0.238563106117021,0.362566151270847,0.27726122320004,0.0163510218836095,0.0115789423900127,0.0140219518508531,0.189241240885301,0.367780093486718,0.414043739110548,0.0300427727422308,0.0108657558607101,0.0122128114535438,0.0177733110538208,0.0206925576400893,0.345964910626795,0.0143748203158691,0.0168390155846589,0.0312058742881376,0.0135038236420238,0.0125139045395538,0.155524953953437,0.0522825652580329,0.0137940412495035,0.021516178942166,0.338285586769761,1,0.188209777250688,0.356966760726065,0.010710058978556,0.0157115611288258,0.294781483663664,0.346255813677414,0.35995968250465,0.330007137523896
"Q9NTW7",0.19012607843825,0.18101773785157,0.0242199589584392,0.194998570678467,0.113607941614211,0.19059908754955,0.134779626852392,0.0136582674852095,0.0108327227926477,0.0179787956644158,0.0915450576175543,0.17769026490047,0.188578806088808,0.0260512115386243,0.013437695104294,0.0114979156272789,0.0184215663574764,0.0184754255537297,0.177978679890449,0.0195550958963052,0.0162896475832871,0.0313333105678747,0.0162090148617708,0.00959176878750235,0.0879396675069445,0.0338887755924922,0.0136097951646297,0.0206126736994503,0.190882768767534,0.188209777250688,1,0.213131240944576,0.0123281730113173,0.0184934348962897,0.172840028916615,0.207116633240199,0.207377039799028,0.197986819035117
"Q3ZCX4",0.361623210809109,0.372390618952958,0.0209913088577614,0.417206368954966,0.25421293857613,0.421976540824788,0.350307814320849,0.0114956554648472,0.00960317759394667,0.016201775781882,0.230845080126303,0.38379167242119,0.433791643598337,0.0229116736298716,0.0135677495902468,0.0140096864092269,0.0250063316753042,0.0127837289975334,0.423456280095588,0.013206927507223,0.0152499043198588,0.0257376519542136,0.0147472864882099,0.011698536708801,0.133706354896904,0.0484861224195105,0.0104331185036063,0.0172901104751936,0.434094093741627,0.356966760726065,0.213131240944576,1,0.0119376519542698,0.0166507803185044,0.388924724840935,0.425386739675604,0.44813973690749,0.408368706343851
"Q99536",0.0132121853598745,0.0121768548063502,0.0324595204121252,0.0131580722491771,0.0208772931560177,0.0113871353694757,0.0165688084722535,0.0184791025636436,0.012649740385795,0.0187460990126874,0.0157554193192044,0.013944710002368,0.0114318290772986,0.0179195495688323,0.0149261111551993,0.0152628666692585,0.0302891700599087,0.0114813454902031,0.0148379174984095,0.011432158516278,0.0234358419504147,0.0305789966446654,0.0158722947389653,0.0113647586930563,0.0191628557665105,0.0155456118219962,0.0207952928344494,0.0281980108590023,0.0118855918890044,0.010710058978556,0.0123281730113173,0.0119376519542698,1,0.0163501751823421,0.0130306237272733,0.0107895765638449,0.011594647624365,0.00984603573068457
"Q5BKZ1",0.02048676452711,0.0124190771077199,0.0273173981863259,0.0188600750669435,0.0263054400725985,0.0195783213242044,0.0144544878716202,0.0139548813807716,0.0128615060052147,0.0135746459270378,0.0217361115663486,0.0255043699090619,0.0147257743096881,0.019899850007899,0.01593808161051,0.0119358199132916,0.0276530388062865,0.0223618121292242,0.016055160655144,0.0195634348017703,0.02418106888282,0.0323682796098351,0.0134575475765352,0.0128962998648767,0.035909075931715,0.0196075081432001,0.0240665598417774,0.0199496715795092,0.0189895359599297,0.0157115611288258,0.0184934348962897,0.0166507803185044,0.0163501751823421,1,0.0228190955618878,0.0147393214886451,0.0160124357479702,0.014915270939141
"Q9H0M5",0.291904901708856,0.363202325920185,0.025167820661004,0.392322721083913,0.208370465802506,0.342899532040211,0.226472935000996,0.0136115628550117,0.00852290538213246,0.0124777207116583,0.145127568319598,0.281035818402813,0.372658864514857,0.0155760238377513,0.00931940129938954,0.00997301956778286,0.0158523867109795,0.0140209311137886,0.326095205055848,0.0129203030395996,0.0158868375385015,0.0208748774512991,0.0119026437279154,0.00746014401640163,0.125578094356577,0.0406477150041784,0.0103473007818599,0.020938616580114,0.423644704134071,0.294781483663664,0.172840028916615,0.388924724840935,0.0130306237272733,0.0228190955618878,1,0.399049059861904,0.344365405644063,0.392780843397358
"Q02386",0.306846814305838,0.390810001077465,0.0272764337848594,0.424108416635646,0.214522365253532,0.370375899530308,0.274970519049414,0.013336881370453,0.00957750592395781,0.0124536633482482,0.166874098082571,0.332838599245751,0.418210944154619,0.0211683798790332,0.0114992793995718,0.0114754421707917,0.0152407955107144,0.0155457641321221,0.365746230721125,0.012823514965897,0.013722021880307,0.0228670856022296,0.0117902058987475,0.00697848205594669,0.13731905591611,0.0470187854636717,0.0169404416948648,0.0171982709755991,0.403687079320555,0.346255813677414,0.207116633240199,0.425386739675604,0.0107895765638449,0.0147393214886451,0.399049059861904,1,0.390357875860623,0.41964361321538
"P17031",0.367411321396728,0.314969387322728,0.0328450087997415,0.365287564249129,0.229471561803559,0.396270060049051,0.349448015430014,0.0121115671992304,0.0102319496302036,0.0186238412294972,0.210006603065942,0.367193717469795,0.381129660699634,0.0210821238386543,0.0102435557795085,0.00976426278271002,0.0162996334580365,0.017268123309041,0.375049989343316,0.0151228920836176,0.0155219991554408,0.0275177240953899,0.0145135530428399,0.00853176917463648,0.132544028117785,0.0441928178980432,0.0116772051649331,0.0215493152784756,0.404980132933739,0.35995968250465,0.207377039799028,0.44813973690749,0.011594647624365,0.0160124357479702,0.344365405644063,0.390357875860623,1,0.342363774577537
"P17038",0.297346682510606,0.440379725752361,0.023285249670257,0.461091878692921,0.197964176780967,0.349717070682881,0.243731556032459,0.0107992475170178,0.00961395579132721,0.0134834229027036,0.145967349568397,0.308180349764966,0.42575316891693,0.0142779452488367,0.0107560174446814,0.00824779766323319,0.0141608714356311,0.020576522415354,0.36508275421585,0.00995924056101305,0.0154289431038532,0.0230873086795465,0.0134489509231755,0.00797635478525144,0.124379789408131,0.0406553452944257,0.010628070791151,0.0140041395760709,0.391207430694538,0.330007137523896,0.197986819035117,0.408368706343851,0.00984603573068457,0.014915270939141,0.392780843397358,0.41964361321538,0.342363774577537,1
